ISS (ZARYA)             
1 25544U 98067A   21020.23529309  .00000706  00000-0  20745-4 0  9993
2 25544  51.6454 354.5066 0000274 311.5070 176.5516 15.49303672265662
KESTREL EYE IIM (KE2M)  
1 42982U 98067NE  21020.02853074  .00026823  00000-0  14518-3 0  9992
2 42982  51.6322 249.4163 0003783 191.8995 168.1918 15.79874984185187
DELLINGR (RBLE)         
1 43021U 98067NJ  21020.00198745  .00036798  00000-0  17868-3 0  9995
2 43021  51.6303 246.2837 0003382 157.6357 202.4793 15.82068574180992
TEMPEST-D               
1 43547U 98067NV  21020.01550371  .00018156  00000-0  14158-3 0  9993
2 43547  51.6344 293.8629 0006288 139.5647 220.5819 15.71748797143445
RADSAT-G                
1 43553U 98067PB  21019.70651218  .00063592  00000-0  25764-3 0  9995
2 43553  51.6356 264.8415 0005745 174.3942 185.7127 15.85640382144236
AEROCUBE 12A            
1 43556U 18046C   21019.73739522  .00002373  00000-0  90500-4 0  9996
2 43556  51.6408 145.6921 0007774 353.4573   6.6305 15.30834466140490
AEROCUBE 12B            
1 43557U 18046D   21019.65056070  .00001061  00000-0  47802-4 0  9998
2 43557  51.6417 147.3405 0007852 352.9014   7.1854 15.30383161140416
LEMUR-2-VU              
1 43558U 18046E   21020.14777175  .00002701  00000-0  96284-4 0  9991
2 43558  51.6403 138.0792 0006854 359.7004   0.3972 15.32546223140624
LEMUR-2-ALEXANDER       
1 43559U 18046F   21019.76407475  .00002194  00000-0  79938-4 0  9994
2 43559  51.6404 139.2854 0006819 358.1034   1.9921 15.32737447140356
LEMUR-2-YUASA           
1 43560U 18046G   21020.11058015  .00002693  00000-0  96181-4 0  9992
2 43560  51.6410 138.5754 0007153  12.4938 347.6219 15.32499265140613
LEMUR-2-TOMHENDERSON    
1 43561U 18046H   21019.70448108  .00001796  00000-0  68707-4 0  9998
2 43561  51.6407 141.1033 0007345  11.1880 348.9264 15.32176108140101
1998-067PN              
1 43638U 98067PN  21019.89084412  .00023458  00000-0  18013-3 0  9991
2 43638  51.6337 291.4858 0003497 127.3555 232.7762 15.71937470130624
1998-067PP              
1 43639U 98067PP  21019.74694458  .00094573  00000-0  32927-3 0  9999
2 43639  51.6275 270.0695 0005768 158.2467 201.8784 15.88576662130896
STARS-ME                
1 43640U 98067PQ  21019.96420598  .00035760  00000-0  22746-3 0  9998
2 43640  51.6308 283.6183 0005054 134.4845 225.6569 15.76079075130732
ISS DEB (SEDA-AP)       
1 43870U 98067PU  21019.85900931  .00005193  00000-0  68874-4 0  9995
2 43870  51.6371 319.9167 0004605 127.8913 232.2497 15.60141149118415
CATSAT-2                
1 44029U 98067PV  21019.83865675  .00076167  00000-0  38303-3 0  9997
2 44029  51.6386 290.4887 0004256 162.0379 198.0774 15.80994536112531
DELPHINI                
1 44030U 98067PW  21019.82249031  .00104044  00000-0  40656-3 0  9990
2 44030  51.6285 285.5792 0005628 157.1942 202.9313 15.86197273112562
UNITE                   
1 44031U 98067PX  21019.21939554  .00020875  00000-0  18732-3 0  9999
2 44031  51.6376 310.3706 0003504 139.6143 220.5114 15.68244803112180
CATSAT-1                
1 44033U 98067PZ  21020.02832685  .00067643  00000-0  34027-3 0  9998
2 44033  51.6387 289.5145 0003879 163.4629 196.6500 15.81036507112476
ISS DEB                 
1 44303U 98067QA  21019.86733447  .00005908  00000-0  87190-4 0  9990
2 44303  51.6411 338.1218 0005973  58.8651 301.2926 15.56926216 93443
ISS DEB                 
1 44304U 98067QB  21019.87277771  .00103511  00000-0  51459-3 0  9992
2 44304  51.6344 308.7635 0005844 105.3329 254.8319 15.81111897 93844
ISS DEB                 
1 44305U 98067QC  21017.99978115  .07702457  12184-4  93942-3 0  9998
2 44305  51.6090 302.5059 0006259 207.7361 152.3330 16.35437524 93752
ISS DEB                 
1 44306U 98067QD  21020.12613831  .00006824  00000-0  98651-4 0  9990
2 44306  51.6398 336.7666 0007091  56.0001 304.1663 15.57198659 93491
RAAVANA-1               
1 44329U 98067QE  21020.12429365  .00023626  00000-0  23638-3 0  9993
2 44329  51.6376 323.2641 0006615  94.9361 265.2390 15.65430485 90842
UGUISU                  
1 44330U 98067QF  21019.26000822  .00022753  00000-0  23005-3 0  9999
2 44330  51.6357 327.9346 0006597  90.9128 269.2623 15.65191334 90684
NEPALISAT-1             
1 44331U 98067QG  21019.22181773  .00022164  00000-0  22264-3 0  9993
2 44331  51.6357 327.6808 0006610  93.4401 266.7351 15.65373197 90693
SPOOQY-1                
1 44332U 98067QH  21019.24875565  .00022176  00000-0  22562-3 0  9999
2 44332  51.6366 327.8804 0005863  95.0283 265.1382 15.65055735 90655
RED-EYE 1 (PINOT)       
1 44364U 98067QJ  21020.14073019  .00007098  00000-0  10387-3 0  9997
2 44364  51.6413 337.6816 0007364  55.2827 304.8857 15.56787467 89060
IOD-1 GEMS              
1 44385U 98067QK  21020.07702911  .00068608  00000-0  42323-3 0  9991
2 44385  51.6366 313.9469 0005095 104.7334 255.4231 15.76491612 88425
SWIATOWID               
1 44426U 98067QL  21020.21932918  .00100260  00000-0  49032-3 0  9990
2 44426  51.6368 309.2583 0005552 110.9594  38.6145 15.81482289 88514
KRAKSAT                 
1 44427U 98067QM  21020.14243928  .00012385  00000-0  14998-3 0  9992
2 44427  51.6440 330.9319 0004149  63.4032 309.7827 15.61084428 88266
VCC A                   
1 44428U 98067QN  21020.09875998  .00021349  00000-0  22356-3 0  9992
2 44428  51.6388 326.1521 0003960  78.5042 281.6397 15.64360170 88329
ENTRYSAT                
1 44429U 98067QP  21019.83468991  .00029482  00000-0  27133-3 0  9998
2 44429  51.6350 323.5584 0003959  82.2511 277.8935 15.67397567 88339
VCC C                   
1 44430U 98067QQ  21019.75400183  .00051573  00000-0  38705-3 0  9993
2 44430  51.6346 319.2614 0004328  95.0452 265.1041 15.72065634 87216
VCC B                   
1 44431U 98067QR  21019.89431185  .00021358  00000-0  22211-3 0  9998
2 44431  51.6364 326.9864 0004099  77.6655 282.4799 15.64535566 88237
ISS DEB                 
1 44788U 98067QT  21020.13008151  .00049769  00000-0  43002-3 0  9992
2 44788  51.6380 331.5618 0006559  90.3951 269.7797 15.68678531 67229
ISS DEB                 
1 44789U 98067QU  21019.89182711  .00043050  00000-0  40345-3 0  9993
2 44789  51.6376 334.4973 0007236  88.4341 271.7484 15.66736606 67159
RWASAT-1                
1 44790U 98067QV  21020.18640620  .00010605  00000-0  15478-3 0  9996
2 44790  51.6429 342.9539 0008491 101.4753  22.7153 15.56236793 66336
AQT-D                   
1 44791U 98067QW  21020.14090529  .00008705  00000-0  12825-3 0  9991
2 44791  51.6424 343.7154 0007495  75.6721 284.5103 15.56258989 66327
NARSSCUBE-1             
1 44792U 98067QX  21020.16641120  .00015593  00000-0  20061-3 0  9997
2 44792  51.6397 340.0730 0006056  92.5695 267.5991 15.59242779 66371
STPSAT-4                
1 45043U 98067QY  21019.88981914  .00005016  00000-0  88994-4 0  9991
2 45043  51.6423 353.2138 0006279  85.8473 274.3234 15.52130573 55415
HARP                    
1 45256U 98067QZ  21020.16771230  .00010455  00000-0  16073-3 0  9999
2 45256  51.6429 348.3585 0007903  81.4833 278.7053 15.54830377 52173
1998-067RA              
1 45257U 98067RA  21020.19636595  .00007910  00000-0  12575-3 0  9992
2 45257  51.6419 348.5246 0008458  83.0372 277.1580 15.54300291 52176
PHOENIX                 
1 45258U 98067RB  21020.18508111  .00007036  00000-0  11516-3 0  9997
2 45258  51.6416 349.1862 0006755  66.6969 293.4732 15.53695026 52130
1998-067RC              
1 45259U 98067RC  21020.19050464  .00012623  00000-0  18382-3 0  9998
2 45259  51.6408 346.9849 0007811  81.5648 278.6229 15.56099486 52199
CRYOCUBE                
1 45260U 98067RD  21020.16911010  .00015178  00000-0  21955-3 0  9998
2 45260  51.6408 346.8442 0008472  81.9200 278.2752 15.56093237 52208
AZTECHSAT-1             
1 45261U 98067RE  21020.17891750  .00016306  00000-0  22218-3 0  9995
2 45261  51.6403 345.4071 0008222  81.8639 278.3286 15.57652047 52209
RADSAT-U                
1 45262U 98067RF  21020.17661766  .00008406  00000-0  13221-3 0  9994
2 45262  51.6431 348.4162 0007172 111.7800 248.3954 15.54507618 52187
QARMAN                  
1 45263U 98067RG  21020.16664863  .00013027  00000-0  19069-3 0  9996
2 45263  51.6409 347.5727 0007827  78.5084 281.6785 15.55924775 52215
SORTIE                  
1 45264U 98067RH  21019.31884454  .00005438  00000-0  93808-4 0  9993
2 45264  51.6430 354.6723 0008112  84.3152 275.8763 15.52735980 52018
ICS-EF (ISS DEB)        
1 45265U 98067RJ  21019.90720461  .00002823  00000-0  55277-4 0  9999
2 45265  51.6428 354.0729 0006105  86.4408 273.7280 15.51140924 51751
PROGRESS-MS 14          
1 45595U 20026A   21019.40295723  .00000872  00000-0  23712-4 0  9999
2 45595  51.6468 358.6249 0000255 279.1625 243.4938 15.49302954265537
G-SAT                   
1 45597U 98067RK  21019.73218343  .00008182  00000-0  13072-3 0  9999
2 45597  51.6422 352.1826 0005113 128.0990 232.0462 15.54122856 41450
QUETZAL-1               
1 45598U 98067RL  21020.18806342  .00011832  00000-0  18213-3 0  9991
2 45598  51.6425 349.9742 0002701 137.0479 223.0723 15.54666718 41457
RED-EYE 2 (MERLOT)      
1 45800U 98067RM  21020.17782662  .00004120  00000-0  75922-4 0  9997
2 45800  51.6431 352.8957 0001979  98.2553 261.8661 15.51568263 33655
RED-EYE 3 (CABERNET)    
1 45809U 98067RN  21020.17840770  .00004410  00000-0  80730-4 0  9996
2 45809  51.6431 352.8998 0002217  90.5924 269.5319 15.51566283 32634
DEMI                    
1 45916U 98067RP  21020.17521634  .00011496  00000-0  18198-3 0  9990
2 45916  51.6427 351.3888 0003062  46.3480 313.7764 15.53921426 29644
TECHEDSAT 10            
1 45917U 98067RQ  21020.14539303  .00100477  00000-0  79096-3 0  9992
2 45917  51.6357 343.6558 0007996  86.1180 274.0731 15.70625435 29692
PROGRESS-MS 15          
1 45937U 20050A   21019.40295723  .00000872  00000-0  23712-4 0  9996
2 45937  51.6468 358.6249 0000255 279.1625 243.4938 15.49302954265537
CYGNUS NG-14            
1 46530U 20069A   21020.22782428  .00002168  00000-0  91476-4 0  9993
2 46530  51.6417 356.6766 0010499 335.2407 149.6135 15.27808933 16899
SOYUZ-MS 17             
1 46613U 20072A   21019.40295723  .00000872  00000-0  23712-4 0  9992
2 46613  51.6468 358.6249 0000255 279.1625 243.4938 15.49302954265539
CREW DRAGON 1           
1 46920U 20084A   21019.40295723  .00000872  00000-0  23712-4 0  9996
2 46920  51.6468 358.6249 0000255 279.1625 243.4938 15.49302954265530
SPOC                    
1 46921U 98067RR  21020.19463226  .00007024  00000-0  12404-3 0  9997
2 46921  51.6442 353.7634 0001164 231.1776 128.9110 15.51548185 11812
BOBCAT-1                
1 46922U 98067RS  21020.18314076  .00009623  00000-0  16421-3 0  9995
2 46922  51.6442 353.6892 0000681 230.5106 129.5824 15.52036093 11776
NEUTRON-1               
1 46923U 98067RT  21019.87705929  .00006827  00000-0  12122-3 0  9998
2 46923  51.6442 355.3915 0000995 258.6147 101.4731 15.51444213 11802
1998-067RU              
1 46924U 98067RU  21019.65026072  .00014584  00000-0  23772-3 0  9992
2 46924  51.6434 356.1266 0001070 353.2027   6.8949 15.52859876 11744
LEMUR-2-BAXTER-OLIVER   
1 46925U 98067RV  21020.15834335  .00015193  00000-0  24511-3 0  9998
2 46925  51.6441 353.5248 0001156 346.0640  14.0318 15.53109721 11772
LEMUR-2-DJARA           
1 46926U 98067RW  21019.32655496  .00015180  00000-0  24649-3 0  9993
2 46926  51.6442 357.7183 0000261 354.6274   5.4713 15.52929395 11670
DESCENT                 
1 46927U 98067RX  21020.20169339  .00006530  00000-0  11642-3 0  9997
2 46927  51.6441 353.8089 0001275 303.1525  56.9342 15.51413161 11752
